Timing 33 ms
1502966466.610435 380
1502966466.640510 380
1502966466.676915 379
1502966466.706547 378
1502966466.737471 379
1502966466.768812 377
1502966466.797762 378
1502966466.826421 375
1502966466.860825 379
1502966466.891035 379
1502966466.920104 378
1502966466.949533 378
1502966466.984234 379
1502966467.017607 374
1502966467.047008 376
1502966467.075057 374
1502966467.110352 377
1502966467.139521 374
1502966467.168777 378
1502966467.198940 378
1502966467.228389 375
1502966467.263466 378
1502966467.292517 374
1502966467.321239 380
1502966467.356144 376
1502966467.384342 382
1502966467.414940 379
1502966467.444691 378
1502966467.480014 374
1502966467.507881 376
1502966467.538675 372
1502966467.573863 382
1502966467.602726 379
1502966467.631492 376
1502966467.660828 374
1502966467.695956 376
1502966467.723372 377
1502966467.753396 374
1502966467.787405 378
1502966467.818763 374
1502966467.851393 380
1502966467.881738 373
1502966467.911476 374
1502966467.940539 377
1502966467.975240 377
1502966468.004401 379
1502966468.034171 375
1502966468.064560 377
1502966468.093704 377
1502966468.127296 377
1502966468.155963 381
1502966468.189771 378
1502966468.219063 379
1502966468.249472 376
1502966468.278356 376
1502966468.310510 372
1502966468.341338 377
1502966468.376031 377
1502966468.405782 380
1502966468.436596 372
1502966468.467623 376
1502966468.497749 375
1502966468.526340 377
1502966468.561546 377
1502966468.590620 375
1502966468.620112 375
1502966468.649596 376
1502966468.685560 375
1502966468.714760 377
1502966468.744342 376
1502966468.774061 371
1502966468.808994 375
1502966468.841895 379
1502966468.866688 375
1502966468.898421 377
1502966468.929093 372
1502966468.958136 376
1502966468.993400 375
1502966469.022051 372
1502966469.052265 373
1502966469.087315 374
1502966469.117421 377
1502966469.147668 376
1502966469.175443 374
1502966469.211097 377
1502966469.239966 378
1502966469.269222 377
1502966469.303604 374
1502966469.333532 378
1502966469.362728 377
1502966469.392521 376
1502966469.426814 378
1502966469.456028 376
1502966469.486225 376
1502966469.515647 374
1502966469.550450 378
1502966469.579807 374
1502966469.609734 376
1502966469.640836 374
1502966469.669569 373
1502966469.704557 381
1502966469.734377 380
1502966469.763614 380
1502966469.793204 377
1502966469.828958 373
1502966469.858001 378
1502966469.886705 376
1502966469.921088 370
1502966469.950521 375
1502966469.980750 376
1502966470.009789 380
1502966470.046119 379
1502966470.078130 373
1502966470.106940 378
1502966470.139882 380
1502966470.166012 376
1502966470.200234 373
1502966470.230923 378
1502966470.264014 380
1502966470.290997 374
1502966470.324756 381
1502966470.357659 378
1502966470.390922 373
1502966470.419751 376
1502966470.447351 375
1502966470.481613 377
1502966470.507652 376
1502966470.541596 378
1502966470.570103 378
1502966470.604091 377
1502966470.632333 377
1502966470.664991 377
1502966470.697266 376
1502966470.723774 374
1502966470.757315 377
1502966470.784459 379
1502966470.818268 376
1502966470.851162 381
1502966470.877516 377
1502966470.912132 383
1502966470.940910 374
1502966470.973607 375
1502966471.006695 373
1502966471.034679 374
1502966471.066935 378
1502966471.094271 372
1502966471.128854 375
1502966471.155666 377
1502966471.185701 377
1502966471.216166 377
1502966471.251666 373
1502966471.281899 378
1502966471.312984 378
1502966471.339739 381
1502966471.369907 380
1502966471.406303 374
1502966471.437358 381
1502966471.465358 375
1502966471.494849 381
1502966471.524081 376
1502966471.558224 377
1502966471.587827 376
1502966471.618393 376
1502966471.648602 377
1502966471.678815 373
1502966471.714571 378
1502966471.744349 376
1502966471.773390 381
1502966471.806307 380
1502966471.835870 377
1502966471.865197 378
1502966471.893228 376
1502966471.929311 380
1502966471.960033 371
1502966471.987692 372
1502966472.023596 375
1502966472.052828 376
1502966472.082928 375
1502966472.111348 380
1502966472.145702 374
1502966472.175211 377
1502966472.204711 380
1502966472.235964 376
1502966472.270607 378
1502966472.299738 380
1502966472.329278 377
1502966472.357884 374
1502966472.393341 373
1502966472.423287 380
1502966472.452872 371
1502966472.486445 376
1502966472.516585 373
1502966472.545758 379
1502966472.573525 375
1502966472.608543 373
1502966472.636854 373
1502966472.669972 378
1502966472.699315 376
1502966472.733890 376
1502966472.763352 375
1502966472.793399 377
1502966472.822353 378
1502966472.856936 379
1502966472.886946 377
1502966472.916223 379
1502966472.946564 375
1502966472.974985 374
1502966473.010132 377
1502966473.040217 381
1502966473.068898 376
1502966473.104133 376
1502966473.136169 374
1502966473.166437 373
1502966473.196135 374
1502966473.226190 375
1502966473.257187 379
1502966473.287090 377
1502966473.316988 376
1502966473.351979 375
1502966473.381556 372
1502966473.410648 375
1502966473.441890 375
1502966473.471192 376
1502966473.506267 374
1502966473.536528 376
1502966473.565725 376
1502966473.594606 378
1502966473.630669 377
1502966473.658482 377
1502966473.687895 379
1502966473.723670 375
1502966473.753434 374
1502966473.784121 374
1502966473.813602 380
1502966473.843058 376
1502966473.872019 379
1502966473.908598 378
1502966473.938887 377
1502966473.968778 375
1502966473.998553 373
1502966474.028015 372
1502966474.061882 377
1502966474.091393 374
1502966474.121369 380
1502966474.152182 382
1502966474.180542 373
1502966474.216458 375
1502966474.245977 374
1502966474.275064 375
1502966474.311428 377
1502966474.340924 373
1502966474.370951 374
1502966474.401326 376
1502966474.431478 378
1502966474.461425 376
1502966474.490869 380
1502966474.526727 371
1502966474.555110 373
1502966474.584984 372
1502966474.614904 374
1502966474.649169 376
1502966474.679190 375
1502966474.707668 374
1502966474.743705 376
1502966474.773836 376
1502966474.803977 375
1502966474.833533 377
1502966474.863770 376
1502966474.897440 372
1502966474.926900 377
1502966474.956659 375
1502966474.986746 379
1502966475.022413 375
1502966475.056214 372
1502966475.084833 378
1502966475.111564 374
1502966475.144291 380
1502966475.176572 376
1502966475.205942 374
1502966475.238824 377
1502966475.270859 379
1502966475.298570 380
1502966475.331146 374
1502966475.359228 374
1502966475.393358 378
1502966475.426615 376
1502966475.454477 375
1502966475.488187 374
1502966475.515625 378
1502966475.549960 373
1502966475.575343 377
1502966475.604042 378
1502966475.639105 376
1502966475.668114 376
1502966475.697197 376
1502966475.732238 373
1502966475.762275 382
1502966475.791975 372
1502966475.821070 373
1502966475.856145 375
1502966475.884537 376
1502966475.913034 375
1502966475.948064 376
1502966475.976513 375
1502966476.007266 373
1502966476.037894 378
1502966476.068268 374
1502966476.104324 373
1502966476.133911 379
1502966476.163367 372
1502966476.191954 375
1502966476.222756 378
1502966476.258586 377
1502966476.288542 374
1502966476.319159 379
1502966476.349176 375
1502966476.379001 375
1502966476.408734 375
1502966476.437472 377
1502966476.472460 377
1502966476.502230 379
1502966476.532486 377
1502966476.561327 377
1502966476.594742 383
1502966476.623200 378
1502966476.658464 371
1502966476.689709 375
1502966476.719024 377
1502966476.746836 378
1502966476.781672 373
1502966476.811192 374
1502966476.841078 374
1502966476.875274 372
1502966476.903888 373
1502966476.933827 376
1502966476.962995 374
1502966476.998705 376
1502966477.028115 373
1502966477.058907 379
1502966477.088109 374
1502966477.118073 371
1502966477.153364 379
1502966477.182887 375
1502966477.211728 377
1502966477.242215 375
1502966477.273183 380
1502966477.308905 377
1502966477.338939 374
1502966477.368254 374
1502966477.397702 377
1502966477.427872 375
1502966477.462087 372
1502966477.491755 379
1502966477.521573 374
1502966477.551105 375
1502966477.585183 376
1502966477.614599 377
1502966477.644778 376
1502966477.675162 372
1502966477.704334 378
1502966477.738166 377
1502966477.768004 372
1502966477.803373 373
1502966477.830488 376
1502966477.860130 377
1502966477.896975 379
1502966477.925913 376
1502966477.954902 378
1502966477.985680 375
1502966478.014620 378
1502966478.045240 378
1502966478.081513 374
1502966478.112012 373
1502966478.142321 378
1502966478.173871 383
1502966478.203765 373
1502966478.232632 371
1502966478.262490 381
1502966478.293046 379
1502966478.328343 375
1502966478.357772 374
1502966478.387307 376
1502966478.417055 378
1502966478.452906 379
1502966478.482187 375
1502966478.512305 376
1502966478.541718 374
1502966478.571184 374
1502966478.605147 378
1502966478.634922 375
1502966478.664517 377
1502966478.692630 376
1502966478.728516 378
1502966478.758024 376
1502966478.787873 378
1502966478.817315 373
1502966478.853454 378
1502966478.886513 378
1502966478.912961 373
1502966478.941850 374
1502966478.976157 374
1502966479.005407 379
1502966479.035793 376
1502966479.064915 373
1502966479.102315 374
1502966479.126894 379
1502966479.161996 376
1502966479.191523 375
1502966479.221081 376
1502966479.250634 379
1502966479.285444 381
1502966479.315223 373
1502966479.344632 377
1502966479.379307 375
1502966479.408780 381
1502966479.438868 376
1502966479.469238 381
1502966479.498981 380
1502966479.534029 378
1502966479.562919 381
1502966479.591902 377
1502966479.621798 377
1502966479.656626 376
1502966479.685971 377
1502966479.717878 377
1502966479.746837 376
1502966479.774282 379
1502966479.809514 378
1502966479.839204 380
1502966479.868973 381
1502966479.903627 377
1502966479.932986 380
1502966479.962660 381
1502966479.997579 376
1502966480.028086 377
1502966480.058311 375
1502966480.090567 377
1502966480.122748 381
1502966480.149827 377
1502966480.184589 377
1502966480.210675 379
1502966480.242465 376
1502966480.276628 376
1502966480.303800 378
1502966480.336499 376
1502966480.368921 376
1502966480.402110 374
1502966480.430492 377
1502966480.464669 378
1502966480.491361 381
1502966480.524621 377
1502966480.551816 377
1502966480.584958 372
1502966480.618300 379
1502966480.646418 377
1502966480.680322 375
1502966480.708040 377
1502966480.740591 378
1502966480.767168 377
1502966480.800905 378
1502966480.833908 380
1502966480.861204 373
1502966480.894257 374
1502966480.926730 378
1502966480.953378 378
1502966480.988105 377
1502966481.015895 377
1502966481.049377 377
1502966481.081577 379
1502966481.109770 380
1502966481.144699 378
1502966481.169207 374
1502966481.203670 379
1502966481.230894 379
1502966481.261389 378
1502966481.294531 372
1502966481.328254 376
1502966481.357576 381
1502966481.385927 374
1502966481.419564 378
1502966481.452928 380
1502966481.481597 380
1502966481.514800 372
1502966481.541540 379
1502966481.572765 380
1502966481.607515 378
1502966481.634069 380
1502966481.666002 382
1502966481.697152 380
1502966481.727249 382
1502966481.762034 373
1502966481.787048 379
1502966481.816815 376
1502966481.846094 375
1502966481.880516 380
1502966481.909034 375
1502966481.944537 376
1502966481.974131 377
1502966482.004633 377
1502966482.034842 379
1502966482.063875 376
1502966482.098325 380
1502966482.127432 380
1502966482.158538 379
1502966482.188248 378
1502966482.216890 378
1502966482.252585 381
1502966482.282139 375
1502966482.311737 380
1502966482.340653 378
1502966482.376968 383
1502966482.407270 380
1502966482.435534 379
1502966482.465247 384
1502966482.498540 383
1502966482.528694 389
1502966482.558650 382
1502966482.588060 386
1502966482.623425 391
1502966482.653204 385
1502966482.683348 388
1502966482.714874 390
1502966482.745124 398
1502966482.774735 397
1502966482.808763 409
1502966482.837580 416
1502966482.868112 422
1502966482.897969 424
1502966482.928260 433
1502966482.963296 443
1502966482.992731 454
1502966483.021326 464
1502966483.056668 476
1502966483.086033 490
1502966483.114894 509
1502966483.149277 523
1502966483.179091 540
1502966483.207994 567
1502966483.237900 582
1502966483.273481 604
1502966483.302702 634
1502966483.333351 657
1502966483.363364 688
1502966483.396736 708
1502966483.427008 749
1502966483.458838 773
1502966483.489121 813
1502966483.517724 824
1502966483.547423 845
1502966483.582585 874
1502966483.611624 908
1502966483.642049 931
1502966483.670287 951
1502966483.705365 991
1502966483.734517 999
1502966483.763807 1028
1502966483.799852 1052
1502966483.829697 1061
1502966483.857990 1105
1502966483.892353 1113
1502966483.921771 1155
1502966483.951738 1174
1502966483.980846 1189
1502966484.015774 1255
1502966484.045974 1236
1502966484.074836 1283
1502966484.104609 1311
1502966484.140182 1316
1502966484.167994 1354
1502966484.196777 1382
1502966484.231383 1365
1502966484.260550 1484
1502966484.290727 1551
1502966484.325532 1487
1502966484.355821 1578
1502966484.385794 1626
1502966484.414520 1677
1502966484.449948 1675
1502966484.510026 1790
1502966484.538841 1845
1502966484.573770 1754
1502966484.667561 1901
1502966484.697460 1977
1502966484.726783 1976
1502966484.756725 1963
1502966484.786865 2006
1502966484.816915 1965
1502966484.851983 2116
1502966484.881827 1972
1502966484.911770 2155
1502966485.099333 2032
1502966485.195132 998
1502966485.221267 919
1502966485.252963 895
1502966485.288092 927
1502966485.312326 894
1502966485.344885 947
1502966485.379547 948
1502966485.405949 970
1502966485.439348 980
1502966485.473461 962
1502966485.500634 956
1502966485.533285 906
1502966485.563911 922
1502966485.591185 883
1502966485.628729 879
1502966485.655850 860
1502966485.686219 799
1502966485.715688 767
1502966485.745162 403
1502966485.775694 223
1502966485.811650 207
1502966485.841792 232
1502966485.871260 258
1502966485.900133 275
1502966485.929750 293
1502966485.963971 315
1502966485.993291 326
1502966486.021767 338
1502966486.057233 357
1502966486.089143 372
1502966486.118644 389
1502966486.148445 384
1502966486.178714 375
1502966486.207515 356
1502966486.242344 321
1502966486.272361 280
1502966486.302656 238
1502966486.331975 208
1502966486.366474 195
1502966486.395696 190
1502966486.425663 186
1502966486.455794 182
1502966486.490606 179
1502966486.519101 184
1502966486.549252 205
1502966486.614538 1200
1502966486.674324 2158
1502966487.202863 1310
1502966487.232386 1283
1502966487.261825 1169
1502966487.292515 1164
1502966487.322244 1076
1502966487.352774 1180
1502966487.387665 1083
1502966487.447860 999
1502966487.476876 966
1502966487.507699 927
1502966487.536554 924
1502966487.571888 860
1502966487.602586 864
1502966487.632744 830
1502966487.661385 812
1502966487.696583 800
1502966487.725694 794
1502966487.755839 810
1502966487.789591 772
1502966487.817343 752
1502966487.851956 741
1502966487.880603 759
1502966487.910252 736
1502966487.944496 740
1502966487.973683 734
1502966488.003556 727
1502966488.033093 719
1502966488.067215 707
1502966488.096834 720
1502966488.124675 727
1502966488.159677 723
1502966488.187875 747
1502966488.222163 748
1502966488.251842 750
1502966488.282351 756
1502966488.317011 781
1502966488.346955 785
1502966488.377022 801
1502966488.405753 814
1502966488.439306 803
1502966488.467796 760
1502966488.497299 726
1502966488.532885 697
1502966488.561669 701
1502966488.590502 687
1502966488.626233 692
1502966488.656180 696
1502966488.684687 697
1502966488.719308 716
1502966488.748172 704
1502966488.778209 716
1502966488.808028 741
1502966488.836524 733
1502966488.872471 756
1502966488.902502 772
1502966488.932693 769
1502966488.963567 754
1502966488.993260 755
1502966489.030073 777
1502966489.060196 749
1502966489.090861 802
1502966489.120514 793
1502966489.149676 754
1502966489.179370 780
1502966489.214394 822
1502966489.243835 835
1502966489.274911 854
1502966489.309087 850
1502966489.338218 794
1502966489.367630 872
1502966489.396490 842
1502966489.431785 829
1502966489.460706 839
1502966489.491966 860
1502966489.524131 866
1502966489.553483 890
1502966489.582181 920
1502966489.612025 960
1502966489.645910 1000
1502966489.676587 1028
1502966489.705703 1036
1502966489.741100 1043
1502966489.771390 1069
1502966489.801583 1081
1502966489.831882 1090
1502966489.861876 1122
1502966489.890782 1133
1502966489.926165 1126
1502966489.955787 1134
1502966489.985816 1155
1502966490.015707 1187
1502966490.051248 1190
1502966490.083670 1179
1502966490.110404 1197
1502966490.145406 1189
1502966490.172592 1201
1502966490.206693 1207
1502966490.234462 1180
1502966490.269665 1221
1502966490.297094 1232
1502966490.328483 1297
1502966490.358608 1271
1502966490.390487 1354
1502966490.423259 1488
1502966490.541497 1840
1502966490.573950 1944
1502966490.642388 1781
1502966490.669967 1903
1502966490.701138 1941
1502966490.728882 2084
1502966490.761493 2068
1502966490.792426 2104
1502966490.826528 2153
1502966491.146057 182
1502966491.407357 1354
1502966492.117320 1397
1502966492.609154 2115
1502966493.254892 744
1502966493.657813 1080
1502966493.815979 1996
1502966494.137474 1553
1502966494.772986 1152
1502966495.973645 1709
1502966497.067588 1021
1502966498.010593 875
1502966498.625223 997
1502966498.688989 855
1502966499.320023 1149
1502966499.414064 1536
1502966500.555327 2250
1502966500.584440 1822
1502966505.026795 796
1502966505.832868 1110
1502966505.863174 1277
1502966505.892680 1398
1502966506.013991 455
1502966506.908325 427
1502966507.248708 1653
1502966507.928083 1108
1502966508.654014 1748
1502966508.811974 1251
1502966508.858203 1894
1502966509.750139 1275
1502966510.953662 1028
1502966511.171275 2224
1502966512.177094 1483
1502966512.297379 1996
1502966512.655050 1138
1502966513.098776 1313
1502966513.160979 1764
1502966513.427058 1023
1502966513.748725 1812
1502966514.242548 1277
1502966514.950201 866
1502966515.878339 1796
1502966517.773380 493
1502966519.114165 99
1502966519.761453 1024
1502966519.918769 1710
1502966520.535605 1772
1502966521.274331 2147
1502966521.804224 1318
1502966523.390556 1697
1502966523.941141 1027
1502966523.978460 1877
1502966524.008341 1562
1502966524.038483 2274
1502966524.542228 1402
1502966524.914728 1091
1502966525.258255 1101
1502966527.463285 2104
1502966527.819571 1831
1502966528.185151 1761
1502966528.221344 1024
1502966529.112722 1503
1502966530.239987 2251
1502966530.842330 599
1502966531.045407 1420
1502966532.079398 1253
1502966532.199126 231
1502966532.387521 1493
1502966533.329139 1757
1502966533.681491 118
1502966534.285168 1523
1502966534.377988 1418
1502966534.839756 2132
1502966535.083393 11
1502966535.607920 1276
1502966535.674262 2199
1502966537.028361 2119
1502966537.784587 1066
1502966539.077430 1693
1502966539.512931 1326
1502966540.105077 2049
1502966540.700901 1829
1502966541.100271 300
1502966542.321501 1883
1502966542.485822 2134
1502966542.520937 2011
1502966543.031244 1696
1502966543.567710 1507
1502966545.098119 1582
1502966545.715996 561
1502966545.913527 1670
1502966547.823159 2258
1502966547.888939 733
1502966549.925844 1646
1502966550.371936 826
1502966550.726447 1493
1502966551.498049 450
1502966552.145798 1145
1502966552.208299 2074
1502966552.428306 696
1502966552.857828 1364
1502966552.917434 1353
1502966553.075154 832
1502966555.094848 1141
1502966555.215649 1591
1502966555.251945 1213
1502966555.864350 430
1502966557.236796 1165
1502966557.997262 977
1502966559.425996 366
1502966559.462255 1553
1502966559.643958 1952
1502966560.152475 1266
1502966560.962632 2174
1502966561.546617 2215
1502966562.233735 603
1502966563.500144 802
1502966563.991784 1567
1502966564.815435 600
1502966565.060681 1663
1502966565.216340 1853
1502966565.659331 944
1502966566.183888 563
1502966566.414355 1413
1502966566.677460 1394
1502966567.466727 1041
1502966567.990683 1453
1502966568.185600 1442
1502966568.311817 2171
1502966568.865561 1367
1502966569.294685 446
1502966569.516011 1405
1502966570.546059 1821
1502966571.102170 1969
1502966571.196044 1044
1502966571.600887 1983
1502966572.040898 1382
1502966572.133740 423
1502966572.262086 176
1502966572.411863 1395
1502966572.784487 5
1502966573.276069 1754
1502966573.418543 1362
1502966575.591875 548
1502966575.649135 1099
1502966575.778155 1939
1502966576.621911 1097
1502966577.783378 724
1502966578.246633 602
1502966578.461820 1421
1502966578.938509 1570
1502966579.326915 1019
1502966581.434999 1953
1502966581.778988 1394
1502966584.077175 1068
1502966584.387757 1929
1502966584.536181 1580
1502966585.712902 1780
1502966586.093288 825
1502966586.495862 240
1502966587.206478 840
1502966587.855615 1311
1502966588.502251 2251
1502966588.560329 1431
1502966588.624961 1199
1502966588.734302 1632
1502966588.947511 2205
1502966589.921798 947
1502966590.773470 906
1502966591.510508 1544
1502966591.666291 101
1502966592.081933 1223
1502966592.654023 240
1502966593.395540 1901
1502966594.134548 1627
1502966594.877051 1295
1502966595.275412 1302
1502966595.922282 1373
1502966596.498115 1349
1502966596.804648 900
1502966597.390681 733
1502966599.145500 1697
1502966599.761322 1636
1502966600.366786 769
1502966601.461168 1462
1502966601.860556 971
1502966602.493444 1354
1502966602.831496 1354
1502966603.575264 1589
1502966603.605846 602
1502966604.559672 2045
1502966604.588907 2067
1502966605.336051 1476
1502966605.584423 758
1502966605.935812 1707
1502966606.194978 1098
1502966606.414097 1236
1502966607.988043 1054
1502966608.275810 1798
1502966608.740176 1776
1502966608.894646 540
1502966609.017617 1658
1502966609.326081 1104
1502966609.386083 1559
1502966610.679809 1298
1502966610.959369 1932
1502966611.393542 1806
1502966611.748079 2145
1502966612.734983 949
1502966613.411250 2253
1502966613.920188 1565
1502966613.948998 686
1502966614.012786 659
1502966615.046989 1011
1502966615.741842 2024
1502966616.601559 1250
1502966617.096915 1123
1502966617.820192 1785
1502966618.303041 2055
1502966618.361005 1313
1502966618.733730 2051
1502966619.982668 686
1502966620.089814 1020
1502966620.198898 1941
1502966620.679722 1251
1502966620.819619 1352
1502966621.308642 1176
1502966622.078556 1312
1502966622.467188 149
1502966624.252638 701
1502966624.412192 1430
1502966624.682998 1767
1502966624.929555 1729
1502966625.267890 1872
1502966625.561878 907
1502966625.761927 1821
1502966626.965233 727
1502966627.240530 2193
1502966627.733427 941
1502966628.105198 1114
1502966630.202390 1502
1502966630.426131 2198
1502966630.654758 1685
1502966631.487046 1765
1502966632.468991 2251
1502966633.008275 519
1502966634.212935 1514
1502966635.161624 1818
1502966635.557086 1847
1502966635.805219 1628
1502966635.957198 1564
1502966636.081950 1586
1502966637.239560 1491
1502966638.439378 1929
1502966639.643406 1552
1502966640.383948 2188
1502966640.513483 699
1502966641.819006 1556
1502966642.233130 127
1502966642.391095 1399
1502966643.856554 2084
1502966644.303391 2003
1502966644.997652 1441
1502966646.677255 728
1502966646.710423 149
1502966647.511284 1969
1502966647.588228 1162
1502966648.156090 1568
1502966649.108768 1745
1502966650.281551 1928
1502966650.547210 1964
1502966650.751589 1967
1502966651.330692 2011
1502966651.425077 545
1502966651.638748 1330
1502966651.857882 1547
1502966651.888073 1597
1502966652.040526 1331
1502966652.166105 1706
1502966652.642533 870
1502966652.920086 844
1502966653.013532 1732
1502966653.720703 460
1502966654.029054 2071
1502966654.263691 1183
1502966655.092206 590
1502966655.664986 960
1502966655.815162 1438
1502966656.652473 2223
1502966656.837458 1293
1502966656.926833 1405
1502966657.544010 1315
1502966657.976077 475
1502966658.826600 1980
1502966659.148221 1202
1502966659.208076 1540
1502966660.195714 1521
1502966660.228755 2121
1502966660.693278 2205
1502966661.337311 1488
1502966661.371059 619
1502966661.548128 1684
1502966662.163877 1150
1502966662.329819 1323
1502966662.930131 838
1502966663.686162 1774
1502966663.716111 1140
1502966664.302715 1370
1502966666.739181 839
1502966666.802042 1868
1502966667.016873 1821
1502966667.573500 673
1502966667.632965 1928
1502966667.832391 106
1502966668.850204 1196
1502966669.266107 1684
1502966670.143878 1130
1502966670.176677 2037
1502966670.466652 1280
1502966670.548508 1549
1502966670.609886 1738
1502966671.267183 1823
1502966672.057030 1451
1502966672.674648 1832
1502966673.936151 389
1502966674.416565 889
1502966676.437472 811
1502966677.935743 639
1502966678.085886 2020
1502966678.351659 892
1502966678.522303 2265
1502966679.046124 2194
1502966679.877608 1927
1502966680.907756 2087
1502966681.220553 1364
1502966681.314681 2126
1502966682.407757 1241
1502966682.466847 1916
1502966682.731779 1702
1502966683.487163 1322
1502966683.575543 2064
1502966683.929566 1422
1502966685.167953 659
1502966685.200386 892
1502966685.416605 1220
1502966685.446132 469
1502966688.191424 926
1502966688.699736 932
1502966689.420544 1340
1502966689.455375 1605
1502966689.730433 1390
1502966691.130267 1814
1502966691.671741 1726
1502966691.778718 1622
1502966692.087107 1390
1502966693.723929 2036
1502966694.045975 929
1502966695.546745 2009
1502966695.910262 1531
1502966696.206408 1289
1502966696.294744 722
1502966696.956078 1624
1502966697.049745 1610
1502966697.916176 1015
1502966698.346823 1350
1502966699.920733 1308
1502966699.980628 1811
1502966700.986681 1829
1502966701.048282 1952
1502966701.975856 2169
1502966702.204278 1639
1502966702.803574 889
1502966703.143235 1432
1502966703.298067 2044
1502966703.763384 773
1502966703.962906 1710
1502966704.640079 871
1502966704.886910 646
1502966704.921198 647
1502966705.277162 338
1502966705.647343 311
1502966705.678200 1605
1502966706.201298 1661
1502966706.599817 1082
1502966706.803357 1921
1502966707.031688 1405
1502966707.343513 1256
1502966707.757864 2215
1502966707.929772 545
1502966707.992512 1793
1502966708.285529 1116
1502966709.874985 1620
1502966709.934296 702
1502966709.964184 626
1502966711.584212 1788
1502966711.797265 1002
1502966712.433532 580
1502966712.770059 1716
1502966713.540405 959
1502966713.575836 481
1502966714.820366 286
1502966715.008263 1215
1502966716.079306 1426
1502966716.294210 1633
1502966716.566591 820
1502966716.602230 1455
1502966717.058951 1178
1502966717.092003 904
1502966717.586372 1509
1502966717.971289 1394
1502966721.259552 1890
1502966722.404100 1204
1502966722.491895 1718
1502966724.577437 1659
1502966724.698356 311
1502966724.855543 1713
1502966726.056776 2088
1502966726.349608 1536
1502966727.245235 1987
1502966727.370831 532
1502966727.539340 462
1502966728.338998 753
1502966729.464901 1421
1502966730.073081 1321
1502966730.423344 1610
1502966730.858190 1068
1502966732.181417 2139
1502966732.490237 1771
1502966734.280535 241
1502966734.415418 889
1502966734.835697 1392
1502966735.684630 1247
1502966737.057192 945
1502966737.285959 1302
1502966737.733245 736
1502966737.822340 1565
1502966737.947335 1492
1502966738.895047 1593
1502966738.982786 930
1502966739.012273 582
1502966739.426935 1237
1502966739.737115 1395
1502966739.766932 1404
1502966739.801971 597
1502966742.049981 641
1502966742.268652 1314
1502966742.324744 1537
1502966742.418615 1174
1502966743.178535 897
1502966743.901918 1666
1502966744.270996 539
1502966744.613584 244
1502966744.734419 1756
1502966745.382449 1858
1502966745.413880 1766
1502966745.448577 1690
1502966745.473624 1716
1502966745.505667 1696
1502966745.538871 1680
1502966745.565892 1624
1502966745.600100 1574
1502966745.633119 1537
1502966745.660842 1550
1502966745.694585 1499
1502966745.723970 1446
1502966745.752295 1393
1502966745.789793 1376
1502966745.817993 1324
1502966745.844644 1312
1502966745.877347 1291
1502966745.913384 1251
1502966745.940223 1220
1502966745.967721 1183
1502966745.997131 1131
1502966746.032221 1111
1502966746.061840 1085
1502966746.093745 1113
1502966746.128422 1147
1502966746.155535 1224
1502966746.218184 1327
1502966746.341305 951
1502966746.403623 1388
1502966746.434403 1404
1502966746.467262 1311
1502966746.528275 1396
1502966746.559871 1481
1502966746.590552 1603
1502966746.623552 1851
1502966746.650043 1918
1502966746.714075 2051
1502966746.740318 2160
1502966746.913007 1143
1502966747.190293 1659
1502966747.253988 1456
1502966747.281662 1397
1502966747.315686 1289
1502966747.345392 1255
1502966747.379317 1234
1502966747.407733 1222
1502966747.434997 1196
1502966747.469144 1186
1502966747.503080 1220
1502966747.811310 1469
1502966747.902894 1637
1502966747.992203 1181
1502966748.115596 1130
1502966748.145576 1044
1502966748.180179 1043
1502966748.209978 1017
1502966748.239724 976
1502966748.268667 951
1502966748.303890 956
1502966748.333985 956
1502966748.364794 890
1502966748.393797 863
1502966748.428695 821
1502966748.459288 896
1502966748.518700 849
1502966748.548783 819
1502966748.613523 789
1502966749.042074 2142
1502966749.074215 2083
1502966749.104176 1866
1502966749.133402 1840
1502966749.167835 1684
1502966749.197753 1580
1502966749.226870 1497
1502966749.263644 1433
1502966749.293889 1365
1502966749.323045 1355
1502966749.353793 1350
1502966749.383224 1336
1502966749.412792 1355
1502966749.741368 1143
1502966749.845613 385
1502966750.108412 1772
1502966750.724290 1956
1502966750.759439 1928
1502966750.787395 1910
1502966750.821790 1817
1502966750.848116 1747
1502966750.881325 1696
1502966750.911289 1698
1502966750.940473 1653
1502966750.970371 1590
1502966751.005650 1590
1502966751.035133 1541
1502966751.065251 1517
1502966751.094896 1471
1502966751.124286 1464
1502966751.160230 1398
1502966751.190591 1388
1502966751.220123 1342
1502966751.250005 1323
1502966751.279328 1290
1502966751.315761 1292
1502966751.344830 1256
1502966751.374604 1212
1502966751.403624 1186
1502966751.438956 1151
1502966751.469399 1134
1502966751.499569 1100
1502966751.528930 1080
1502966751.559776 1066
1502966751.587693 1094
1502966751.622860 1103
1502966751.651643 1209
1502966751.715729 1407
1502966751.746155 1405
1502966751.806898 1171
1502966751.870777 1348
1502966752.005541 1330
1502966752.039888 1302
1502966752.070414 1306
1502966752.100228 1313
1502966752.128006 1322
1502966752.164261 1411
1502966752.192870 1499
1502966752.222607 1640
1502966752.288780 1883
1502966752.318330 1924
1502966752.376863 2049
1502966752.469765 1598
1502966752.669215 3
1502966752.964277 1669
1502966753.028157 1500
1502966753.058024 1455
1502966753.088068 1468
1502966753.118347 1421
1502966753.148288 1352
1502966753.183711 1297
1502966753.213155 1261
1502966753.242925 1201
1502966753.272593 1196
1502966753.308081 1153
1502966753.337964 1187
1502966753.367631 1198
1502966753.398584 1181
1502966753.428499 1154
1502966753.457745 1270
1502966753.494496 1341
1502966753.705566 1413
1502966753.741579 1476
1502966753.800047 1298
1502966753.830178 1300
1502966753.922859 1223
1502966753.987845 1149
1502966754.016665 1155
1502966754.046505 1034
1502966754.080887 1086
1502966754.110648 1048
1502966754.138982 1011
1502966754.174257 965
1502966754.203563 982
1502966754.232061 901
1502966754.267617 913
1502966754.295958 864
1502966754.324835 846
1502966754.359636 860
1502966754.389230 688
1502966754.542327 1205
1502966754.834715 2170
1502966754.869597 2162
1502966754.898399 1884
1502966754.927087 1729
1502966754.964684 1646
1502966754.987983 1541
1502966755.023117 1447
1502966755.052132 1405
1502966755.083900 1338
1502966755.121355 1296
1502966755.147521 1248
1502966755.182096 1177
1502966755.244958 1033
1502966755.362108 1848
1502966756.272623 2230
1502966756.304397 1926
1502966756.333451 1891
1502966756.364169 1756
1502966756.395682 1724
1502966756.424974 1702
1502966756.460214 1651
1502966756.489997 1615
1502966756.519286 1589
1502966756.548686 1553
1502966756.583556 1513
1502966756.613747 1470
1502966756.642375 1432
1502966756.671447 1390
1502966756.706793 1352
1502966756.735285 1332
1502966756.766889 1310
1502966756.796981 1277
1502966756.832215 1232
1502966756.860607 1197
1502966756.890498 1180
1502966756.920260 1131
1502966756.951000 1102
1502966756.986349 1083
1502966757.013994 1092
1502966757.049099 1097
1502966757.078720 1165
1502966757.108165 1269
1502966757.137386 1271
1502966757.172413 1161
1502966757.414100 1363
1502966757.449541 1418
1502966757.478632 1387
1502966757.508200 1413
1502966757.539097 1482
1502966757.574637 1596
1502966757.603518 1821
1502966757.632212 1925
1502966757.661933 2114
1502966757.696413 1916
1502966757.725637 1944
1502966757.985929 1035
1502966758.126076 1799
1502966758.189969 1841
1502966758.253980 1575
1502966758.284638 1541
1502966758.314789 1427
1502966758.342827 1386
1502966758.377623 1310
1502966758.407760 1277
1502966758.437471 1221
1502966758.466992 1186
1502966758.496742 1200
1502966758.528460 1180
1502966758.562827 1228
1502966758.592176 1235
1502966758.869892 1665
1502966758.899724 1532
1502966758.929544 1449
1502966758.963910 1423
1502966759.146681 1153
1502966759.182439 1036
1502966759.212674 1052
1502966759.241732 1029
1502966759.270522 980
1502966759.300087 963
1502966759.334976 925
1502966759.364502 871
1502966759.394206 862
1502966759.425294 853
1502966759.460178 885
1502966759.490036 739
1502966759.520149 685
1502966759.708398 2197
1502966759.955287 2129
1502966759.984823 1848
1502966760.014088 1744
1502966760.043699 1626
1502966760.077150 1484
1502966760.111724 1427
1502966760.139482 1359
1502966760.172231 1339
1502966760.206927 1318
1502966760.231279 1270
1502966760.506138 1047
1502966761.382030 2016
1502966761.417921 1866
1502966761.447655 1730
1502966761.477990 1731
1502966761.507030 1670
1502966761.542377 1634
1502966761.571563 1597
1502966761.601173 1589
1502966761.635925 1555
1502966761.665663 1498
1502966761.694938 1460
1502966761.722760 1437
1502966761.756665 1378
1502966761.786649 1379
1502966761.820724 1311
1502966761.849341 1287
1502966761.879326 1260
1502966761.914632 1231
1502966761.943172 1199
1502966761.970341 1154
1502966762.005718 1138
1502966762.035032 1086
1502966762.065130 1053
1502966762.094824 1066
1502966762.130778 1122
1502966762.160584 1170
1502966762.189793 1261
1502966762.220620 1183
1502966762.435516 1343
1502966762.501130 1363
1502966762.530827 1344
1502966762.560373 1331
1502966762.589962 1381
1502966762.625378 1477
1502966762.656099 1696
1502966762.685291 1753
1502966762.714674 1989
1502966762.779670 2073
1502966762.837718 1975
1502966762.915852 225
1502966763.228179 1759
1502966763.286967 1614
1502966763.352343 1495
1502966763.381621 1471
1502966763.416477 1411
1502966763.445787 1337
1502966763.475580 1276
1502966763.505119 1252
1502966763.537037 1217
1502966763.568018 1181
1502966763.597051 1168
1502966763.626339 1191
1502966763.663783 1244
1502966764.032405 1396
1502966764.121980 1290
1502966764.151700 1169
1502966764.182614 1130
1502966764.218627 1046
1502966764.247698 1043
1502966764.282557 1050
1502966764.311762 1017
1502966764.341567 981
1502966764.369016 944
1502966764.404120 902
1502966764.433417 920
1502966764.462650 882
1502966764.497308 847
1502966764.556506 751
1502966764.989656 2222
1502966765.019601 2093
1502966765.048888 1969
1502966765.084052 1767
1502966765.112925 1678
1502966765.145205 1543
1502966765.174319 1466
1502966765.208978 1404
1502966765.241994 1344
1502966765.271403 1309
1502966765.299468 1293
1502966765.331455 1216
1502966765.579727 834
1502966765.841886 1813
1502966766.450490 2219
1502966766.485032 1919
1502966766.512981 1847
1502966766.546333 1732
1502966766.573550 1692
1502966766.610395 1673
1502966766.637498 1614
1502966766.670267 1596
1502966766.699194 1561
1502966766.733237 1531
1502966766.762258 1480
1502966766.793810 1459
1502966766.827209 1411
1502966766.855266 1370
1502966766.889321 1338
1502966766.916692 1332
1502966766.951003 1277
1502966766.977206 1240
1502966767.010027 1236
1502966767.043136 1197
1502966767.070693 1135
1502966767.105316 1129
1502966767.136120 1081
1502966767.162462 1084
1502966767.195823 1078
1502966767.229649 1121
1502966767.256441 1186
1502966767.517244 1350
1502966767.546693 1265
1502966767.584718 1327
1502966767.613024 1417
1502966767.646668 1351
1502966767.674746 1381
1502966767.707761 1489
1502966767.739823 1658
1502966767.767470 1902
1502966767.800823 1817
1502966767.827361 1993
1502966767.955232 1766
1502966768.410361 1588
1502966768.443823 1527
1502966768.473617 1421
1502966768.508581 1357
1502966768.537826 1310
1502966768.567420 1256
1502966768.596329 1222
1502966768.632267 1199
1502966768.661973 1186
1502966768.690885 1180
1502966768.720091 1176
1502966768.755890 1220
1502966768.786393 1186
1502966768.998416 1536
1502966769.034537 1419
1502966769.063973 1416
1502966769.154618 1448
1502966769.188197 1187
1502966769.281041 1170
1502966769.312191 1095
1502966769.341600 1067
1502966769.370382 1004
1502966769.404608 1003
1502966769.433717 914
1502966769.462832 929
1502966769.498180 892
1502966769.527772 905
1502966769.557175 862
1502966769.592372 819
1502966769.621442 828
1502966769.651475 862
1502966769.710994 653
1502966770.086373 2271
1502966770.147786 1869
1502966770.183556 1783
1502966770.211592 1627
1502966770.237585 1576
1502966770.270910 1449
1502966770.302453 1384
1502966770.336471 1343
1502966770.361864 1271
1502966770.395015 1225
1502966770.549313 1499
1502966771.196063 378
1502966771.535917 2065
1502966771.598555 1854
1502966771.627810 1730
1502966771.658153 1694
1502966771.687367 1688
1502966771.716527 1608
1502966771.751291 1607
1502966771.780874 1543
1502966771.811172 1531
1502966771.840613 1510
1502966771.875694 1459
1502966771.905790 1396
1502966771.935973 1371
1502966771.965411 1333
1502966772.000360 1311
1502966772.030207 1278
1502966772.060076 1248
1502966772.089793 1201
1502966772.124681 1178
1502966772.154296 1145
1502966772.184481 1096
1502966772.214263 1078
1502966772.243805 1081
1502966772.274452 1101
1502966772.310145 1098
1502966772.340132 1200
1502966772.368728 1500
1502966772.398586 1454
1502966772.434669 1406
1502966772.493022 869
1502966772.557225 2252
1502966772.584924 1429
1502966772.620602 1249
1502966772.650710 1304
1502966772.679962 1349
1502966772.711832 1352
1502966772.741193 1342
1502966772.772318 1435
1502966772.800382 1576
1502966772.897598 1941
1502966772.958758 2029
1502966772.988715 2092
1502966773.500387 1584
1502966773.530214 1501
1502966773.559475 1403
1502966773.588720 1368
1502966773.619286 1319
1502966773.653619 1303
1502966773.683839 1229
1502966773.712977 1172
1502966773.742564 1172
1502966773.778410 1223
1502966773.808086 1242
1502966773.839996 1331
1502966773.900278 1214
1502966773.994183 1289
1502966774.116962 1475
1502966774.206586 1173
1502966774.362936 1273
1502966774.392656 1102
1502966774.423442 1142
1502966774.458126 1031
1502966774.486966 976
1502966774.516312 1030
1502966774.551778 925
1502966774.580343 923
1502966774.608369 930
1502966774.643214 856
1502966774.673601 893
1502966774.705597 842
1502966774.983607 1167
1502966775.245405 1737
1502966775.270380 1613
1502966775.305557 1511
1502966775.339509 1475
1502966775.367133 1382
1502966775.400954 1351
1502966775.427866 1285
1502966775.459994 1225
1502966775.637126 709
1502966775.750921 1311
1502966776.184536 1599
1502966776.597902 1907
1502966776.628330 1956
1502966776.657552 1785
1502966776.692462 1732
1502966776.721631 1685
1502966776.753603 1660
1502966776.782699 1634
1502966776.812768 1599
1502966776.847792 1559
1502966776.877363 1516
1502966776.907548 1484
1502966776.937026 1465
1502966776.967018 1401
1502966777.002363 1370
1502966777.032992 1319
1502966777.062151 1310
1502966777.091775 1280
1502966777.119989 1231
1502966777.155253 1211
1502966777.184431 1182
1502966777.218162 1137
1502966777.247575 1109
1502966777.277097 1081
1502966777.305235 1050
1502966777.340973 1056
1502966777.370853 1100
1502966777.399848 1149
1502966777.435165 1254
1502966777.636279 1265
1502966777.665758 1282
1502966777.695424 1387
1502966777.725763 1254
1502966777.755728 1379
1502966777.791801 1382
1502966777.822813 1437
1502966777.851490 1490
1502966777.880632 1651
1502966777.909694 1806
1502966778.004395 1881
1502966778.526908 1672
1502966778.562190 1539
1502966778.591875 1481
1502966778.620900 1452
1502966778.650996 1360
1502966778.686150 1316
1502966778.715187 1278
1502966778.743366 1242
1502966778.778401 1193
1502966778.808563 1159
1502966778.838190 1206
1502966778.867287 1233
1502966778.903659 1226
1502966779.054774 1736
1502966779.395751 1021
1502966779.457851 1083
1502966779.486219 1055
1502966779.521764 1023
1502966779.550842 1035
1502966779.580657 987
1502966779.609987 926
1502966779.645089 956
1502966779.674438 889
1502966779.703906 860
1502966779.738026 828
1502966779.767237 831
1502966779.797260 822
1502966780.186986 2247
1502966780.222514 2100
1502966780.249718 2130
1502966780.277215 1827
1502966780.314361 1707
1502966780.343018 1610
1502966780.371551 1546
1502966780.400658 1433
1502966780.430076 1419
1502966780.467549 1340
1502966780.493743 1318
1502966780.524000 1251
1502966780.558387 1494
1502966780.927316 1453
1502966783.299797 2118
1502966783.456040 1623
1502966783.669917 2160
1502966783.705447 1765
1502966784.504807 1083
1502966784.657669 948
1502966785.360931 1092
1502966785.769222 1843
1502966785.989173 2219
1502966786.047733 651
1502966786.092862 1801
1502966787.361460 1268
1502966787.792257 2049
1502966788.194730 276
1502966788.258568 999
1502966789.830630 1539
1502966790.877200 874
1502966791.433774 1680
1502966791.524991 988
1502966792.524861 800
1502966793.098998 1783
1502966793.131074 1368
1502966793.839671 1565
1502966794.210253 1764